9348,-32768
9349,-32768
9351,-17633
9353,-17635
9355,-17636
9357,-17635
9359,-17631
9361,-17626
9363,-17624
9365,-17623
9367,-17624
9369,-17628
9371,-17633
9373,-17635
9375,-17636
9377,-17635
9379,-17631
9381,-17626
9383,-17623
9385,-17623
9387,-17624
9389,-17627
9391,-17633
9393,-17635
9395,-17636
9397,-17635
9399,-17631
9401,-17626
9403,-17624
9405,-17623
9407,-17624
9409,-17628
9411,-17633
9413,-17635
9415,-17636
9417,-17635
9419,-17631
9421,-17626
9423,-17624
9425,-17623
9427,-17624
9429,-17628
9431,-17633
9433,-17635
9436,-17636
9437,-17635
9439,-17631
9441,-17626
9443,-17624
9445,-17623
9447,-17624
9449,-17627
9451,-17633
9453,-17635
9455,-17636
9457,-17635
9459,-17631
9461,-17626
9463,-17624
9465,-17623
9467,-17624
9469,-17628
9471,-17633
9473,-17635
9475,-17636
9477,-17635
9479,-17632
9481,-17626
9483,-17624
9485,-17623
9487,-17624
9489,-17628
9491,-17633
9493,-17635
9495,-17636
9497,-17635
9499,-17631
9501,-17626
9503,-17624
9505,-17623
9507,-17624
9509,-17628
9511,-17633
9513,-17635
9515,-17636
9517,-17635
9519,-17631
9521,-17626
9523,-17624
9525,-17623
9527,-17624
9529,-17627
9531,-17633
9533,-17635
9535,-17636
9537,-17635
9539,-17632
9541,-17626
9543,-17624
9545,-17623
9547,-17624
9549,-17627
9551,-17633
9553,-17635
9555,-17636
9557,-17635
9559,-17631
9561,-17626
9563,-17624
9565,-17623
9567,-17624
9570,-17630
9571,-17633
9573,-17635
9575,-17636
9577,-17635
9579,-17632
9581,-17626
9583,-17624
9586,-17623
9587,-17624
9589,-17627
9591,-17633
9593,-17635
9595,-17636
9597,-17635
9599,-17632
9601,-17626
9603,-17624
9605,-17623
9607,-17624
9609,-17628
9611,-17633
9613,-17635
9615,-17636
9617,-17635
9619,-17632
9621,-17626
9623,-17624
9625,-17623
9627,-17624
9629,-17627
9631,-17633
9633,-17635
9635,-17636
9637,-17635
9639,-17632
9641,-17627
9643,-17624
9645,-17623
9647,-17624
9649,-17627
9651,-17633
9653,-17635
9655,-17636
9657,-17635
9659,-17632
9661,-17626
9663,-17624
9665,-17623
9667,-17624
9669,-17627
9671,-17633
9673,-17635
9675,-17636
9677,-17635
9679,-17632
9681,-17626
9683,-17624
9685,-17623
9687,-17624
9689,-17627
9691,-17633
9693,-17635
9695,-17637
9697,-17635
9699,-17632
9701,-17627
9703,-17624
9705,-17623
9707,-17624
9709,-17627
9711,-17633
9713,-17635
9715,-17636
9717,-17635
9719,-17632
9721,-17626
9723,-17624
9725,-17623
9727,-17624
9729,-17627
9731,-17633
9733,-17635
9735,-17636
9737,-17635
9739,-17632
9741,-17626
9743,-17624
9745,-17623
9747,-17624
9749,-17627
9751,-17632
9753,-17635
9755,-17636
9757,-17635
9759,-17632
9761,-17626
9763,-17624
9765,-17623
9767,-17624
9769,-17627
9771,-17632
9773,-17635
9775,-17636
9777,-17635
9779,-17632
9781,-17626
9783,-17624
9785,-17623
9787,-17624
9789,-17627
9791,-17632
9793,-17635
9795,-17637
9797,-17635
9799,-17632
9801,-17627
9803,-17623
9805,-17622
9807,-17624
9809,-17627
9811,-17632
9813,-17635
9815,-17637
9817,-17635
9819,-17632
9821,-17626
9823,-17623
9825,-17622
9827,-17624
9829,-17627
9831,-17632
9833,-17635
9835,-17637
9837,-17635
9839,-17632
9841,-17626
9843,-17623
9845,-17622
9847,-17623
9849,-17626
9851,-17632
9853,-17635
9855,-17637
9857,-17635
9859,-17632
9861,-17626
9863,-17623
9865,-17622
9867,-17623
9869,-17626
9871,-17632
9873,-17635
9875,-17636
9877,-17635
9879,-17632
9881,-17626
9883,-17623
9885,-17622
9887,-17623
9889,-17626
9891,-17632
9893,-17635
9895,-17636
9897,-17635
9899,-17632
9901,-17626
9903,-17623
9905,-17621
9907,-17622
9909,-17626
9911,-17632
9913,-17635
9915,-17636
9917,-17635
9919,-17632
9921,-17626
9923,-17623
9925,-17621
9927,-17622
9929,-17625
9931,-17632
9933,-17635
9935,-17636
9937,-17635
9939,-17632
9941,-17626
9943,-17622
9945,-17621
9947,-17622
9949,-17625
9951,-17631
9953,-17634
9955,-17636
9957,-17635
9959,-17631
9961,-17625
9963,-17622
9965,-17621
9967,-17622
9969,-17625
9971,-17631
9973,-17634
9975,-17636
9977,-17634
9979,-17631
9981,-17626
9983,-17622
9985,-17620
9987,-17622
9989,-17625
9991,-17631
9993,-17634
9995,-17636
9997,-17635
9999,-17631
10001,-17625
10003,-17622
10005,-17621
10007,-17622
10009,-17625
10011,-17631
10013,-17634
10015,-17636
10017,-17635
10019,-17632
10021,-17626
10023,-17622
10025,-17621
10027,-17622
10029,-17625
10031,-17631
10033,-17635
10035,-17636
10037,-17635
10039,-17632
10041,-17626
10043,-17623
10045,-17621
10047,-17622
10049,-17626
10051,-17632
10053,-17635
10055,-17637
10057,-17636
10059,-17633
10061,-17626
10063,-17623
10065,-17621
10067,-17623
10069,-17626
10071,-17632
10073,-17635
10075,-17637
10077,-17636
10079,-17633
10081,-17627
10083,-17623
10085,-17622
10087,-17623
10089,-17626
10091,-17632
10093,-17636
10095,-17637
10097,-17636
10099,-17633
10101,-17627
10103,-17624
10105,-17622
10107,-17623
10109,-17626
10111,-17632
10113,-17636
10115,-17637
10117,-17636
10119,-17633
10121,-17627
10123,-17624
10125,-17622
10127,-17623
10129,-17626
10131,-17632
10133,-17636
10135,-17638
10137,-17636
10139,-17633
10141,-17627
10143,-17624
10145,-17622
10147,-17623
10149,-17626
10151,-17632
10153,-17636
10155,-17637
10157,-17636
10159,-17633
10161,-17627
10163,-17623
10165,-17622
10167,-17623
10169,-17626
10171,-17632
10173,-17636
10175,-17637
10177,-17636
10179,-17633
10181,-17627
10183,-17623
10185,-17622
10187,-17623
10189,-17626
10191,-17632
10193,-17636
10195,-17637
10197,-17636
10199,-17633
10201,-17627
10203,-17624
10205,-17622
10207,-17623
10209,-17626
10211,-17632
10213,-17636
10215,-17637
10217,-17636
10219,-17633
10221,-17627
10223,-17623
10225,-17622
10227,-17623
10229,-17626
10231,-17632
10233,-17636
10235,-17637
10237,-17636
10239,-17633
10241,-17627
10243,-17623
10245,-17622
10247,-17623
10249,-17625
10251,-17632
10253,-17635
10255,-17637
10257,-17636
10259,-17633
10261,-17627
10263,-17623
10265,-17622
10267,-17623
10269,-17626
10271,-17632
10273,-17636
10275,-17637
10277,-17636
10279,-17633
10281,-17627
10283,-17624
10285,-17622
10287,-17623
10289,-17626
10291,-17632
10293,-17635
10295,-17637
10297,-17636
10299,-17633
10301,-17627
10303,-17623
10305,-17622
10307,-17623
10309,-17626
10311,-17632
10313,-17635
10315,-17637
10317,-17636
10319,-17633
10321,-17627
10323,-17623
10325,-17622
10327,-17623
10329,-17626
10331,-17632
10333,-17636
10335,-17637
10337,-17636
10339,-17633
10341,-17627
10343,-17623
10345,-17622
10347,-17623
10351,-17631
10352,-17634
10354,-17636
10356,-17637
10359,-17634
10360,-17630
10362,-17625
10364,-17623
10366,-17622
10368,-17624
10370,-17629
10372,-17634
10374,-17636
10376,-17637
10378,-17635
10380,-17630
10382,-17625
10384,-17623
10386,-17622
10388,-17624
10390,-17629
10392,-17634
10394,-17636
10396,-17637
10398,-17635
10400,-17630
10402,-17625
10404,-17623
10406,-17622
10408,-17624
10410,-17629
10412,-17634
10414,-17636
10416,-17637
10418,-17635
10420,-17630
10422,-17625
10424,-17623
10426,-17622
10428,-17624
10430,-17629
10432,-17634
10434,-17636
10436,-17637
10438,-17635
10440,-17630
10442,-17625
10444,-17623
10446,-17622
10448,-17624
10450,-17629
10452,-17634
10454,-17636
10456,-17637
10458,-17635
10460,-17630
10462,-17625
10464,-17623
10466,-17622
10468,-17624
10470,-17629
10472,-17634
10474,-17636
10476,-17637
10478,-17635
10480,-17630
10482,-17625
10484,-17623
10486,-17622
10488,-17624
10490,-17629
10492,-17634
10494,-17636
10496,-17637
10498,-17635
10500,-17630
10502,-17625
10504,-17623
10506,-17622
10508,-17624
10510,-17629
10512,-17634
10514,-17636
10516,-17637
10518,-17635
10520,-17630
10522,-17625
10524,-17623
10526,-17622
10528,-17624
10530,-17629
10532,-17634
10534,-17636
10536,-17637
10538,-17635
10540,-17631
10542,-17625
10544,-17623
10546,-17622
10548,-17624
10550,-17629
10552,-17634
10554,-17636
10556,-17637
10558,-17635
10560,-17630
10562,-17625
10564,-17623
10566,-17622
10568,-17624
10570,-17629
10572,-17634
10574,-17636
10576,-17637
10578,-17635
10580,-17630
10582,-17625
10584,-17623
10586,-17622
10588,-17624
10590,-17628
10592,-17634
10594,-17636
10596,-17637
10598,-17635
10600,-17630
10602,-17625
10604,-17623
10606,-17623
10608,-17624
10610,-17629
10612,-17634
10614,-17636
10616,-17637
10618,-17636
10620,-17630
10622,-17625
10624,-17623
10626,-17622
10628,-17623
10630,-17629
10632,-17634
10634,-17636
10636,-17637
10638,-17635
10640,-17630
10642,-17625
10644,-17623
10646,-17622
10648,-17624
10650,-17628
10652,-17634
10654,-17636
10656,-17637
10658,-17635
10660,-17630
10662,-17625
10664,-17623
10666,-17622
10668,-17624
10670,-17631
10672,-17640
10674,-17641
10676,-17637
10678,-17631
10680,-17626
10682,-17621
10684,-17620
10686,-17623
10688,-17628
10690,-17633
10692,-17638
10694,-17638
10696,-17635
10698,-17630
10700,-17625
10702,-17620
10704,-17620
10706,-17622
10708,-17626
10710,-17629
10712,-17626
10714,-17619
10716,-17612
10718,-17601
10720,-17589
10722,-17580
10724,-17575
10726,-17573
10728,-17573
10730,-17576
10732,-17577
10734,-17575
10736,-17569
10738,-17561
10740,-17553
10742,-17544
10744,-17539
10746,-17537
10748,-17536
10750,-17538
10752,-17540
10754,-17538
10756,-17535
10758,-17530
10760,-17525
10762,-17521
10764,-17522
10767,-17527
10768,-17530
10770,-17536
10772,-17540
10774,-17541
10776,-17538
10778,-17533
10780,-17528
10782,-17523
10784,-17522
10786,-17525
10788,-17530
10790,-17535
10792,-17540
10794,-17540
10796,-17538
10798,-17533
10800,-17528
10802,-17525
10804,-17527
10806,-17533
10808,-17541
10810,-17550
10812,-17559
10814,-17564
10816,-17565
10818,-17566
10820,-17566
10822,-17564
10824,-17568
10826,-17573
10828,-17580
10830,-17587
10832,-17596
10834,-17600
10836,-17602
10838,-17600
10840,-17597
10842,-17595
10844,-17596
10846,-17600
10848,-17605
10850,-17610
10852,-17615
10854,-17616
10856,-17614
10858,-17609
10860,-17603
10862,-17598
10864,-17598
10866,-17601
10868,-17606
10870,-17611
10872,-17615
10874,-17616
10876,-17613
10878,-17609
10880,-17603
10882,-17599
10884,-17599
10886,-17602
10888,-17606
10890,-17611
10892,-17616
10894,-17617
10896,-17615
10898,-17610
10900,-17605
10902,-17600
10904,-17601
10906,-17604
10908,-17606
10910,-17609
10912,-17610
10914,-17605
10916,-17595
10918,-17583
10920,-17571
10922,-17560
10924,-17554
10926,-17553
10928,-17554
10930,-17556
10932,-17559
10934,-17558
10936,-17553
10938,-17546
10940,-17539
10942,-17532
10944,-17528
10946,-17527
10948,-17528
10950,-17531
10952,-17534
10954,-17533
10956,-17530
10958,-17525
10960,-17520
10962,-17516
10964,-17517
10966,-17521
10968,-17525
10970,-17530
10972,-17536
10974,-17536
10976,-17534
10978,-17529
10980,-17524
10982,-17519
10984,-17518
10986,-17521
10988,-17526
10990,-17531
10992,-17536
10994,-17536
10996,-17534
10998,-17530
11000,-17525
11002,-17522
11004,-17525
11006,-17531
11008,-17539
11010,-17549
11012,-17557
11014,-17562
11016,-17565
11018,-17567
11020,-17566
11022,-17564
11024,-17567
11026,-17572
11028,-17578
11030,-17584
11032,-17590
11034,-17592
11036,-17590
11038,-17586
11040,-17582
11042,-17580
11044,-17581
11046,-17586
11048,-17592
11050,-17598
11052,-17604
11054,-17605
11056,-17603
11058,-17599
11060,-17593
11062,-17589
11064,-17588
11066,-17591
11068,-17596
11070,-17601
11072,-17606
11074,-17607
11076,-17604
11078,-17600
11080,-17594
11082,-17590
11084,-17590
11086,-17592
11088,-17597
11090,-17602
11092,-17607
11094,-17608
11096,-17605
11098,-17601
11100,-17596
11102,-17592
11104,-17591
11106,-17592
11108,-17592
11110,-17591
11112,-17591
11114,-17586
11116,-17580
11118,-17571
11120,-17561
11122,-17551
11124,-17547
11126,-17547
11128,-17549
11130,-17551
11132,-17554
11134,-17553
11136,-17549
11138,-17543
11140,-17535
11142,-17527
11144,-17523
11146,-17523
11148,-17524
11150,-17527
11152,-17530
11154,-17530
11156,-17528
11158,-17524
11160,-17518
11162,-17515
11164,-17515
11166,-17519
11168,-17523
11170,-17528
11172,-17533
11174,-17534
11176,-17531
11178,-17527
11180,-17522
11182,-17517
11184,-17516
11186,-17519
11188,-17523
11190,-17528
11192,-17533
11194,-17534
11196,-17532
11198,-17528
11200,-17524
11202,-17521
11204,-17523
11206,-17530
11208,-17538
11210,-17546
11212,-17555
11214,-17560
11216,-17563
11218,-17565
11220,-17564
11222,-17562
11224,-17564
11226,-17569
11228,-17575
11230,-17581
11232,-17587
11234,-17589
11236,-17588
11238,-17584
11240,-17579
11242,-17576
11244,-17576
11246,-17579
11248,-17584
11250,-17589
11252,-17594
11254,-17595
11256,-17593
11258,-17588
11260,-17582
11262,-17578
11264,-17577
11266,-17580
11268,-17584
11270,-17589
11272,-17594
11274,-17595
11276,-17593
11278,-17588
11280,-17583
11282,-17578
11284,-17577
11286,-17580
11288,-17585
11290,-17590
11292,-17595
11294,-17596
11296,-17593
11298,-17589
11300,-17584
11302,-17580
11304,-17578
11306,-17578
11308,-17580
11310,-17582
11312,-17584
11314,-17581
11316,-17575
11318,-17566
11320,-17557
11322,-17547
11324,-17543
11326,-17543
11328,-17546
11330,-17549
11332,-17552
11334,-17551
11336,-17546
11338,-17540
11340,-17531
11342,-17523
11344,-17518
11346,-17518
11348,-17520
11350,-17523
11354,-17529
11355,-17528
11357,-17525
11359,-17521
11361,-17516
11363,-17514
11365,-17515
11367,-17519
11369,-17524
11371,-17529
11373,-17533
11375,-17532
11377,-17529
11379,-17523
11381,-17518
11383,-17515
11385,-17516
11387,-17520
11389,-17525
11391,-17530
11393,-17533
11395,-17533
11397,-17530
11399,-17526
11401,-17522
11403,-17522
11405,-17527
11407,-17534
11409,-17543
11411,-17551
11413,-17559
11415,-17564
11417,-17566
11419,-17566
11421,-17564
11423,-17563
11425,-17566
11427,-17571
11429,-17577
11431,-17583
11433,-17588
11435,-17588
11437,-17585
11439,-17581
11441,-17577
11443,-17574
11445,-17576
11447,-17580
11449,-17585
11451,-17590
11453,-17594
11455,-17593
11457,-17589
11459,-17584
11461,-17578
11463,-17575
11465,-17576
11467,-17580
11469,-17585
11471,-17589
11473,-17593
11475,-17593
11477,-17589
11479,-17584
11481,-17579
11484,-17575
11485,-17576
11487,-17580
11489,-17585
11491,-17590
11493,-17593
11495,-17593
11497,-17590
11499,-17585
11501,-17579
11503,-17575
11505,-17575
11507,-17576
11509,-17578
11511,-17580
11513,-17580
11515,-17576
11517,-17569
11519,-17560
11521,-17550
11523,-17543
11525,-17541
11527,-17542
11529,-17545
11531,-17549
11533,-17550
11535,-17547
11537,-17542
11539,-17534
11541,-17526
11543,-17519
11545,-17517
11547,-17518
11549,-17521
11551,-17525
11553,-17528
11555,-17528
11557,-17524
11559,-17520
11561,-17516
11563,-17513
11565,-17514
11567,-17518
11569,-17523
11571,-17528
11573,-17532
11575,-17532
11577,-17528
11579,-17523
11581,-17517
11583,-17514
11585,-17515
11587,-17519
11589,-17524
11591,-17529
11593,-17532
11595,-17533
11597,-17530
11599,-17527
11601,-17524
11603,-17524
11605,-17528
11607,-17536
11609,-17545
11611,-17554
11613,-17562
11615,-17568
11617,-17568
11619,-17567
11621,-17565
11623,-17563
11625,-17566
11627,-17571
11629,-17577
11631,-17583
11633,-17587
11635,-17588
11637,-17585
11639,-17581
11641,-17577
11643,-17574
11645,-17575
11647,-17579
11649,-17584
11651,-17589
11653,-17593
11655,-17592
11657,-17588
11659,-17583
11661,-17578
11663,-17574
11665,-17575
11667,-17579
11669,-17584
11671,-17589
11673,-17592
11675,-17592
11677,-17589
11679,-17584
11681,-17578
11683,-17575
11685,-17576
11687,-17579
11689,-17585
11691,-17589
11693,-17593
11695,-17592
11697,-17589
11699,-17584
11701,-17579
11703,-17574
11705,-17573
11707,-17574
11709,-17576
11711,-17577
11713,-17577
11715,-17573
11717,-17566
11719,-17556
11721,-17547
11723,-17540
11725,-17539
11727,-17540
11729,-17543
11731,-17547
11733,-17548
11735,-17546
11737,-17540
11739,-17533
11741,-17524
11743,-17516
11745,-17514
11747,-17516
11749,-17519
11751,-17524
11753,-17527
11755,-17527
11757,-17525
11759,-17520
11761,-17516
11763,-17513
11765,-17514
11767,-17518
11769,-17523
11771,-17528
11773,-17531
11775,-17531
11777,-17528
11779,-17523
11781,-17517
11783,-17514
11785,-17514
11787,-17518
11789,-17523
11791,-17528
11793,-17532
11795,-17532
11797,-17530
11799,-17527
11801,-17524
11803,-17524
11805,-17528
11807,-17536
11809,-17545
11811,-17553
11813,-17562
11815,-17567
11817,-17568
11819,-17566
11821,-17564
11823,-17562
11825,-17565
11827,-17570
11829,-17575
11831,-17582
11833,-17586
11835,-17587
11837,-17585
11839,-17581
11841,-17577
11843,-17573
11845,-17574
11847,-17578
11849,-17583
11851,-17588
11853,-17592
11855,-17592
11857,-17588
11859,-17583
11861,-17578
11863,-17574
11865,-17574
11867,-17578
11869,-17583
11871,-17588
11873,-17592
11875,-17592
11877,-17588
11879,-17583
11881,-17578
11883,-17574
11885,-17575
11887,-17579
11889,-17583
11891,-17588
11893,-17592
11895,-17592
11897,-17589
11899,-17584
11901,-17578
11903,-17571
11905,-17570
11907,-17570
11909,-17572
11911,-17573
11913,-17574
11915,-17570
11917,-17562
11919,-17553
11921,-17545
11923,-17538
11925,-17537
11927,-17539
11929,-17542
11931,-17545
11933,-17547
11935,-17545
11937,-17539
11939,-17531
11941,-17522
11943,-17514
11945,-17513
11947,-17514
11949,-17518
11951,-17523
11953,-17527
11955,-17527
11957,-17525
11959,-17521
11961,-17516
11963,-17513
11965,-17514
11967,-17517
11969,-17522
11971,-17527
11973,-17531
11975,-17531
11977,-17527
11979,-17522
11981,-17517
11983,-17513
11985,-17513
11987,-17518
11989,-17522
11991,-17527
11993,-17532
11996,-17532
11997,-17530
11999,-17528
12001,-17526
12003,-17526
12005,-17530
12007,-17537
12009,-17546
12011,-17555
12013,-17565
12015,-17570
12017,-17570
12019,-17568
12021,-17565
12023,-17563
12025,-17565
12027,-17570
12029,-17576
12031,-17582
12033,-17586
12035,-17587
12037,-17585
12039,-17581
12041,-17576
12043,-17573
12045,-17574
12047,-17577
12049,-17583
12051,-17587
12053,-17591
12055,-17591
12057,-17587
12059,-17582
12061,-17577
12063,-17573
12065,-17574
12067,-17577
12069,-17582
12071,-17587
12073,-17591
12075,-17591
12077,-17587
12079,-17583
12081,-17577
12083,-17573
12085,-17574
12087,-17577
12089,-17582
12091,-17587
12093,-17591
12095,-17591
12097,-17588
12099,-17584
12101,-17577
12103,-17571
12105,-17569
12107,-17569
12109,-17571
12111,-17573
12113,-17573
12115,-17569
12117,-17561
12119,-17552
12121,-17543
12123,-17537
12125,-17535
12127,-17537
12129,-17540
12131,-17543
12133,-17546
12135,-17544
12137,-17538
12139,-17530
12141,-17521
12143,-17514
12145,-17512
12147,-17514
12149,-17518
12151,-17522
12153,-17526
12155,-17527
12157,-17524
12159,-17521
12161,-17516
12163,-17512
12165,-17512
12167,-17516
12169,-17521
12171,-17526
12173,-17530
12175,-17530
12177,-17526
12179,-17522
12181,-17516
12183,-17512
12185,-17513
12187,-17516
12189,-17521
12191,-17526
12193,-17531
12195,-17532
12197,-17531
12199,-17529
12201,-17528
12203,-17527
12205,-17532
12207,-17539
12209,-17548
12211,-17558
12213,-17567
12215,-17572
12217,-17572
12219,-17570
12221,-17566
12223,-17563
12225,-17565
12227,-17570
12229,-17575
12231,-17581
12233,-17586
12235,-17587
12237,-17585
12239,-17581
12241,-17576
12243,-17573
12245,-17573
12247,-17577
12249,-17582
12251,-17587
12253,-17591
12255,-17590
12257,-17587
12259,-17582
12261,-17577
12263,-17573
12265,-17573
12267,-17577
12269,-17581
12271,-17587
12273,-17591
12275,-17590
12277,-17587
12279,-17582
12281,-17577
12283,-17573
12285,-17573
12287,-17577
12289,-17582
12291,-17586
12293,-17591
12295,-17591
12297,-17590
12299,-17583
12301,-17575
12303,-17569
12305,-17566
12307,-17566
12309,-17568
12311,-17569
12313,-17570
12315,-17566
12317,-17558
12319,-17550
12321,-17542
12323,-17535
12325,-17534
12327,-17536
12329,-17539
12331,-17541
12333,-17544
12335,-17541
12337,-17534
12339,-17526
12341,-17517
12343,-17511
12345,-17509
12347,-17512
12349,-17517
12351,-17522
13356,-17526
13360,-17518
13361,-17515
13363,-17510
13365,-17510
13367,-17513
13369,-17517
13371,-17522
13373,-17527
13375,-17527
13377,-17525
13379,-17520
13381,-17515
13383,-17510
13385,-17510
13387,-17514
13389,-17520
13391,-17527
13393,-17535
13395,-17539
13397,-17541
13399,-17540
13401,-17538
13403,-17537
13405,-17542
13407,-17550
13409,-17558
13411,-17567
13413,-17575
13415,-17577
13417,-17577
13419,-17573
13421,-17569
13423,-17565
13425,-17565
13427,-17569
13429,-17575
13431,-17581
13433,-17587
13435,-17588
13437,-17587
13439,-17583
13441,-17579
13443,-17575
13445,-17574
13447,-17577
13449,-17581
13451,-17585
13453,-17590
13455,-17590
13457,-17588
13459,-17583
13461,-17578
13463,-17573
13465,-17572
13467,-17576
13469,-17580
13471,-17585
13473,-17590
13475,-17591
13477,-17589
13479,-17584
13481,-17578
13483,-17573
13485,-17573
13487,-17577
13489,-17582
13491,-17588
13493,-17591
13495,-17589
13497,-17583
13499,-17575
13501,-17567
13503,-17558
13505,-17554
13507,-17554
13509,-17555
13511,-17555
13513,-17556
13515,-17554
13517,-17549
13519,-17543
13521,-17536
13523,-17529
13525,-17526
13527,-17527
13529,-17529
13532,-17531
13533,-17532
13535,-17529
13537,-17524
13539,-17518
13541,-17511
13543,-17506
13545,-17505
13547,-17509
13549,-17514
13551,-17520
13553,-17526
13555,-17527
13557,-17525
13559,-17520
13561,-17515
13563,-17510
13565,-17509
13567,-17512
13569,-17517
13571,-17521
13573,-17527
13575,-17527
13577,-17525
13579,-17520
13581,-17515
13583,-17510
13585,-17510
13587,-17514
13589,-17521
13591,-17528
13593,-17537
13595,-17541
13597,-17543
13599,-17542
13601,-17540
13603,-17540
13605,-17545
13607,-17552
13609,-17560
13611,-17568
13613,-17576
13615,-17579
13617,-17578
13619,-17574
13621,-17570
13623,-17565
13625,-17566
13627,-17569
13629,-17576
13631,-17581
13633,-17587
13635,-17590
13637,-17589
13639,-17585
13641,-17580
13643,-17575
13645,-17574
13647,-17576
13649,-17580
13651,-17585
13653,-17590
13655,-17591
13657,-17588
13659,-17584
13661,-17578
13663,-17573
13665,-17573
13667,-17576
13669,-17580
13671,-17585
13673,-17590
13675,-17591
13677,-17589
13679,-17584
13681,-17579
13683,-17574
13685,-17574
13687,-17577
13689,-17582
13691,-17587
13693,-17589
13695,-17587
13697,-17581
13699,-17574
13701,-17565
13703,-17556
13705,-17552
13707,-17551
13709,-17551
13711,-17552
13713,-17554
13715,-17552
13717,-17548
13719,-17541
13721,-17534
13723,-17527
13725,-17525
13727,-17526
13729,-17528
13731,-17529
13733,-17530
13735,-17528
13737,-17524
13739,-17518
13741,-17512
13743,-17506
13745,-17506
13747,-17509
13749,-17515
13751,-17520
13753,-17526
13755,-17527
13757,-17525
13759,-17520
13761,-17515
13763,-17510
13765,-17509
13767,-17512
13769,-17516
13771,-17521
13773,-17526
13775,-17527
13777,-17525
13779,-17520
13781,-17515
13783,-17510
13785,-17510
13787,-17514
13789,-17520
13791,-17529
13793,-17537
13795,-17542
13797,-17544
13799,-17543
13801,-17541
13803,-17541
13805,-17545
13807,-17552
13809,-17560
13811,-17568
13813,-17575
13815,-17579
13817,-17578
13819,-17574
13821,-17570
13823,-17566
13825,-17566
13827,-17570
13829,-17576
13831,-17581
13833,-17587
13835,-17590
13837,-17589
13839,-17586
13841,-17581
13843,-17576
13845,-17574
13847,-17577
13849,-17581
13851,-17585
13853,-17590
13855,-17591
13857,-17589
13859,-17584
13861,-17579
13863,-17574
13865,-17573
13867,-17576
13869,-17580
13871,-17585
13873,-17590
13875,-17591
13877,-17589
13879,-17585
13881,-17579
13883,-17575
13885,-17574
13887,-17577
13889,-17582
13891,-17584
13893,-17587
13895,-17584
13897,-17579
13899,-17571
13901,-17562
13903,-17554
13905,-17549
13907,-17548
13909,-17549
13911,-17550
13913,-17552
13915,-17551
13917,-17547
13919,-17541
13921,-17533
13923,-17527
13925,-17524
13927,-17524
13929,-17525
13931,-17525
13933,-17527
13935,-17526
13937,-17522
13939,-17517
13941,-17511
13943,-17506
13945,-17506
13947,-17510
13949,-17515
13951,-17520
13953,-17526
13955,-17527
13957,-17525
13959,-17520
13961,-17515
13963,-17510
13965,-17509
13967,-17511
13969,-17516
13971,-17521
13973,-17526
13975,-17527
13977,-17525
13979,-17521
13981,-17515
13983,-17511
13985,-17510
13987,-17515
13989,-17522
13991,-17529
13993,-17539
13995,-17543
13997,-17545
13999,-17545
14001,-17544
14003,-17544
14005,-17547
14007,-17553
14009,-17561
14011,-17569
14013,-17577
14015,-17579
14017,-17579
14019,-17575
14021,-17571
14023,-17566
14025,-17566
14027,-17570
14029,-17576
14031,-17582
14033,-17588
14035,-17591
14037,-17589
14039,-17586
14041,-17581
14044,-17574
14045,-17574
14047,-17576
14049,-17580
14051,-17585
14053,-17590
14055,-17591
14057,-17589
14059,-17585
14061,-17579
14063,-17574
14065,-17573
14067,-17576
14069,-17580
14071,-17585
14073,-17590
14075,-17591
14077,-17589
14079,-17585
14081,-17579
14083,-17574
14085,-17574
14087,-17577
14089,-17582
14091,-17584
14093,-17586
14095,-17584
14097,-17579
14099,-17571
14101,-17562
14103,-17553
14105,-17549
14107,-17547
14109,-17547
14111,-17548
14113,-17551
14115,-17550
14117,-17546
14119,-17540
14121,-17533
14123,-17526
14125,-17523
14127,-17524
14129,-17525
14131,-17525
14133,-17527
14135,-17526
14137,-17522
14139,-17517
14141,-17511
14143,-17506
14145,-17505
14147,-17509
14149,-17515
14151,-17519
14153,-17525
14155,-17526
14157,-17525
14159,-17520
14161,-17515
14163,-17510
14165,-17508
14167,-17511
14169,-17515
14171,-17520
14173,-17525
14175,-17526
14177,-17524
14179,-17520
14181,-17515
14183,-17511
14185,-17511
14187,-17516
14189,-17523
14191,-17531
14193,-17541
14195,-17546
14197,-17548
14199,-17547
14201,-17546
14203,-17546
14205,-17550
14207,-17556
14209,-17563
14211,-17570
14213,-17577
14215,-17580
14217,-17579
14219,-17576
14221,-17571
14223,-17567
14225,-17567
14227,-17571
14229,-17576
14231,-17581
14233,-17588
14235,-17591
14237,-17590
14239,-17586
14241,-17580
14243,-17575
14245,-17573
14247,-17575
14249,-17580
14251,-17584
14253,-17590
14255,-17591
14257,-17589
14259,-17585
14261,-17579
14263,-17574
14265,-17573
14267,-17575
14269,-17580
14271,-17584
14273,-17590
14275,-17591
14277,-17590
14279,-17585
14281,-17580
14283,-17575
14285,-17574
14287,-17577
14289,-17580
14291,-17581
14293,-17583
14295,-17581
14297,-17577
14299,-17568
14301,-17559
14303,-17551
14305,-17546
14307,-17544
14309,-17545
14311,-17547
14313,-17550
14315,-17549
14317,-17545
14319,-17539
14321,-17532
14323,-17525
14325,-17521
14327,-17520
14329,-17520
14331,-17521
14333,-17524
14335,-17524
14337,-17521
14339,-17516
14341,-17511
14343,-17506
14345,-17506
14347,-17509
14349,-17514
14351,-17519
14353,-17525
14355,-17526
14357,-17524
14359,-17520
14363,-17509
14364,-17508
14366,-17509
14368,-17512
14370,-17517
14372,-17522
14374,-17526
14376,-17526
14378,-17523
14380,-17518
14382,-17513
14384,-17510
14386,-17512
14388,-17519
14390,-17527
14392,-17535
14394,-17544
14396,-17547
14398,-17548
14400,-17547
14402,-17547
14404,-17548
14406,-17553
14408,-17559
14410,-17567
14412,-17574
14414,-17579
14416,-17580
14418,-17578
14420,-17574
14422,-17569
14424,-17566
14426,-17568
14428,-17573
14430,-17579
14432,-17585
14434,-17591
14436,-17591
14438,-17589
14440,-17584
14442,-17578
14444,-17573
14446,-17574
14448,-17577
14450,-17582
14452,-17587
14454,-17590
14456,-17590
14458,-17587
14460,-17582
14462,-17576
14464,-17572
14466,-17573
14468,-17577
14470,-17581
14472,-17586
14474,-17590
14476,-17590
14478,-17587
14480,-17582
14482,-17578
14484,-17574
14486,-17575
14488,-17577
14490,-17579
14492,-17580
14494,-17581
14496,-17578
14498,-17571
14500,-17562
14502,-17553
14504,-17545
14506,-17541
14508,-17541
14510,-17543
14512,-17546
14514,-17548
14516,-17546
14518,-17541
14520,-17534
14522,-17527
14524,-17521
14526,-17518
14528,-17517
14530,-17518
14532,-17520
14534,-17523
14536,-17522
14538,-17518
14540,-17513
14542,-17509
14544,-17505
14546,-17507
14548,-17511
14550,-17516
14552,-17521
14554,-17526
14556,-17526
14558,-17522
14560,-17517
14562,-17512
14564,-17508
14566,-17508
14568,-17512
14570,-17517
14572,-17521
14574,-17526
14576,-17526
14578,-17523
14580,-17518
14582,-17514
14584,-17511
14586,-17514
14588,-17521
14590,-17530
14592,-17538
14594,-17546
14596,-17550
14598,-17551
14600,-17551
14602,-17550
14604,-17549
14606,-17554
14608,-17560
14610,-17568
14612,-17574
14614,-17580
14616,-17581
14618,-17579
14620,-17574
14622,-17570
14624,-17568
14626,-17569
14628,-17573
14630,-17579
14632,-17584
14634,-17589
14636,-17590
14638,-17588
14640,-17583
14642,-17577
14644,-17572
14646,-17572
14648,-17575
14650,-17580
14652,-17584
14654,-17589
14656,-17589
14658,-17586
14660,-17581
14662,-17576
14664,-17572
14666,-17572
14668,-17576
14670,-17581
14672,-17585
14674,-17590
14676,-17590
14678,-17587
14680,-17582
14682,-17578
14684,-17574
14686,-17575
14688,-17576
14690,-17578
14692,-17579
14694,-17580
14696,-17577
14698,-17570
14700,-17561
14702,-17553
14704,-17545
14706,-17540
14708,-17541
14710,-17543
14712,-17545
14714,-17547
14716,-17546
14718,-17541
14720,-17534
14722,-17527
14724,-17519
14726,-17516
14728,-17515
14730,-17517
14732,-17519
14734,-17522
14736,-17521
14738,-17518
14740,-17513
14742,-17509
14744,-17505
14746,-17507
14748,-17511
14750,-17516
14752,-17521
14754,-17525
14756,-17525
14758,-17522
14760,-17516
14762,-17512
14764,-17507
14766,-17508
14768,-17512
14770,-17516
14772,-17521
14774,-17525
14776,-17525
14778,-17523
14780,-17518
14782,-17514
14784,-17512
14786,-17516
14788,-17523
14790,-17532
14792,-17540
14794,-17548
14796,-17552
14798,-17554
14800,-17554
14802,-17553
14804,-17552
14806,-17555
14808,-17562
14810,-17569
14812,-17575
14814,-17581
14816,-17581
14818,-17579
14820,-17575
14822,-17571
14824,-17568
14826,-17570
14828,-17574
14830,-17581
14832,-17587
14834,-17592
14836,-17592
14838,-17589
14840,-17584
14842,-17578
14844,-17573
14846,-17573
14848,-17577
14850,-17581
14852,-17586
14854,-17590
14856,-17590
14858,-17587
14860,-17582
14863,-17576
14864,-17573
14866,-17573
14868,-17577
14870,-17581
14872,-17586
14874,-17590
14876,-17590
14878,-17588
14880,-17583
14882,-17578
14884,-17574
14886,-17573
14888,-17574
14890,-17575
14892,-17577
14894,-17578
14896,-17574
14898,-17567
14900,-17559
14902,-17551
14904,-17541
14906,-17537
14908,-17538
14910,-17540
14912,-17543
14914,-17546
14916,-17544
14918,-17540
14920,-17532
14922,-17525
14924,-17518
14926,-17514
14928,-17513
14930,-17515
14932,-17518
14934,-17522
14936,-17521
14938,-17518
14940,-17514
14942,-17509
14944,-17506
14946,-17507
14948,-17511
14950,-17515
14952,-17520
14954,-17525
14956,-17525
14958,-17522
14960,-17517
14962,-17512
14964,-17507
14966,-17508
14968,-17511
14970,-17516
14972,-17521
14974,-17525
14976,-17525
14978,-17523
14980,-17519
14982,-17515
14984,-17513
14986,-17516
14988,-17523
14990,-17532
14992,-17541
14994,-17549
14996,-17553
14998,-17555
15000,-17555
15002,-17553
15004,-17552
15006,-17555
15008,-17562
15010,-17568
15012,-17575
15014,-17581
15016,-17582
15018,-17580
15020,-17576
15022,-17572
15024,-17569
15026,-17569
15028,-17573
15030,-17579
15032,-17585
15034,-17591
15036,-17592
15038,-17589
15040,-17583
15042,-17578
15044,-17573
15046,-17573
15048,-17576
15050,-17580
15052,-17586
15054,-17590
15056,-17590
15058,-17587
15060,-17582
15062,-17577
15064,-17572
15066,-17573
15068,-17576
15070,-17580
15072,-17585
15074,-17590
15076,-17590
15078,-17588
15080,-17584
15082,-17579
15084,-17574
15086,-17571
15088,-17571
15090,-17573
15092,-17574
15094,-17575
15096,-17571
15098,-17565
15100,-17557
15102,-17548
15104,-17539
15106,-17536
15108,-17537
15110,-17539
15112,-17542
15114,-17545
15116,-17543
15118,-17538
15120,-17531
15122,-17522
15124,-17514
15126,-17510
15128,-17511
15130,-17513
15132,-17517
15134,-17521
15136,-17521
15138,-17519
15140,-17515
15142,-17510
15144,-17507
15146,-17507
15148,-17511
15150,-17515
15152,-17520
15154,-17525
15156,-17525
15158,-17522
15160,-17517
15162,-17512
15164,-17507
15166,-17507
15168,-17511
15170,-17515
15172,-17520
15174,-17525
15176,-17525
15178,-17523
15180,-17519
15182,-17516
15184,-17514
15186,-17518
15188,-17525
15190,-17533
15192,-17542
15194,-17551
15196,-17555
15198,-17558
15200,-17557
15202,-17556
15204,-17555
15206,-17557
15208,-17563
15210,-17569
15212,-17575
15214,-17581
15216,-17582
15218,-17580
15220,-17577
15222,-17573
15224,-17569
15226,-17570
15228,-17575
15230,-17581
15232,-17586
15234,-17592
15236,-17592
15238,-17589
15240,-17583
15242,-17578
15244,-17573
15246,-17573
15248,-17576
15250,-17581
15252,-17585
15254,-17590
15256,-17590
15258,-17588
15260,-17583
15262,-17578
15264,-17573
15266,-17573
15268,-17576
15270,-17581
15272,-17586
15274,-17590
15276,-17591
15278,-17588
15280,-17584
15282,-17579
15284,-17573
15286,-17571
15288,-17570
15290,-17572
15292,-17573
15294,-17574
15296,-17571
15298,-17565
15300,-17557
15302,-17548
15304,-17539
15306,-17535
15308,-17536
15310,-17539
15312,-17542
15314,-17545
15316,-17543
15318,-17538
15320,-17532
15322,-17523
15324,-17515
15326,-17510
15328,-17510
15330,-17513
15332,-17516
15334,-17520
15336,-17521
15338,-17518
15340,-17514
15342,-17510
15344,-17507
15346,-17507
15348,-17510
15350,-17515
15352,-17520
15354,-17525
15356,-17525
15358,-17522
15360,-17517
15362,-17512
15366,-17507
15367,-17509
15369,-17512
15371,-17517
15373,-17523
15375,-17525
15377,-17526
15379,-17523
15381,-17520
15383,-17517
15385,-17518
15387,-17524
15389,-17532
15391,-17540
15393,-17550
15395,-17557
15397,-17561
15399,-17560
15401,-17559
15403,-17557
15405,-17557
15407,-17561
15409,-17567
15411,-17573
15413,-17579
15415,-17583
15417,-17583
15419,-17580
15421,-17576
15423,-17572
15425,-17571
15427,-17576
15429,-17580
15431,-17585
15433,-17590
15435,-17593
15437,-17591
15439,-17587
15441,-17582
15443,-17576
15445,-17573
15447,-17575
15449,-17578
15451,-17583
15453,-17588
15455,-17591
15457,-17590
15459,-17586
15461,-17581
15463,-17576
15465,-17573
15467,-17575
15469,-17578
15471,-17584
15473,-17589
15475,-17591
15477,-17591
15479,-17587
15481,-17583
15483,-17576
15485,-17571
15487,-17569
15489,-17569
15491,-17571
15493,-17572
15495,-17571
15497,-17567
15499,-17559
15501,-17550
15503,-17540
15505,-17535
15507,-17534
15509,-17536
15511,-17539
15513,-17542
15515,-17543
15517,-17540
15519,-17533
15521,-17525
15523,-17515
15525,-17508
15527,-17507
15529,-17509
15531,-17513
15533,-17518
15535,-17521
15537,-17521
15539,-17517
15541,-17514
15543,-17509
15545,-17507
15547,-17508
15549,-17512
15551,-17517
15553,-17522
15555,-17525
15557,-17524
15559,-17521
15561,-17515
15563,-17510
15565,-17507
15567,-17509
15569,-17512
15571,-17517
15573,-17522
15575,-17526
15577,-17526
15580,-17522
15581,-17520
15583,-17518
15585,-17518
15587,-17523
15589,-17531
15591,-17540
15593,-17549
15595,-17557
15597,-17561
15599,-17561
15601,-17559
15603,-17557
15605,-17557
15607,-17561
15609,-17566
15611,-17573
15613,-17579
15615,-17583
15617,-17583
15619,-17581
15621,-17577
15623,-17572
15625,-17570
15627,-17574
15629,-17580
15631,-17585
15633,-17590
15635,-17593
15637,-17592
15639,-17587
15641,-17582
15643,-17576
15645,-17573
15647,-17574
15649,-17578
15651,-17583
15653,-17588
15655,-17591
15657,-17590
15659,-17586
15661,-17582
15663,-17576
15665,-17573
15667,-17574
15669,-17578
15671,-17583
15673,-17588
15675,-17592
15677,-17591
15679,-17588
15681,-17583
15683,-17574
15685,-17568
15687,-17566
15689,-17566
15691,-17567
15693,-17569
15695,-17568
15697,-17565
15699,-17557
15701,-17547
15703,-17538
15705,-17533
15707,-17532
15709,-17534
15711,-17537
15713,-17540
15715,-17541
15717,-17539
15719,-17532
15721,-17523
15723,-17513
15725,-17507
15727,-17506
15729,-17509
15731,-17513
15733,-17517
15735,-17521
15737,-17521
15739,-17518
15741,-17514
15743,-17509
15745,-17506
15747,-17508
15749,-17511
15751,-17516
15753,-17521
15755,-17524
15757,-17524
15759,-17520
15761,-17515
15763,-17510
15765,-17507
15767,-17508
15769,-17512
15771,-17516
15773,-17522
15775,-17526
15777,-17526
15779,-17524
15781,-17522
15783,-17520
15785,-17521
15787,-17526
15789,-17533
15791,-17543
15793,-17552
15795,-17560
15797,-17563
15799,-17563
15801,-17561
15803,-17559
15805,-17559
15807,-17561
15809,-17567
15811,-17573
15813,-17579
15815,-17583
15817,-17584
15819,-17582
15821,-17578
15823,-17574
15825,-17574
15827,-17576
15829,-17580
15831,-17585
15833,-17589
15835,-17592
15837,-17591
15839,-17587
15841,-17582
15843,-17576
15845,-17573
15847,-17574
15849,-17578
15851,-17583
15853,-17588
15855,-17591
15857,-17591
15859,-17587
15861,-17582
15863,-17576
15865,-17573
15867,-17574
15869,-17578
15871,-17583
15873,-17588
15875,-17592
15877,-17591
15879,-17588
15881,-17583
15883,-17575
15885,-17568
15887,-17566
15889,-17566
15891,-17567
15893,-17568
15895,-17568
15897,-17564
15899,-17556
15901,-17547
15903,-17538
15905,-17532
15907,-17531
15909,-17533
15911,-17536
15913,-17539
15915,-17540
15917,-17538
15919,-17531
15921,-17522
15923,-17513
15925,-17506
15927,-17506
15929,-17508
15931,-17512
15933,-17517
15935,-17521
15937,-17521
15939,-17519
15941,-17514
15943,-17509
15945,-17506
15947,-17508
15949,-17512
15951,-17516
15953,-17521
15955,-17525
15957,-17524
15959,-17520
15961,-17515
15963,-17510
15965,-17506
15967,-17508
15969,-17512
15971,-17516
15973,-17522
15975,-17526
15977,-17527
15979,-17526
15981,-17524
15983,-17522
15985,-17523
15987,-17528
15989,-17535
15991,-17544
15993,-17554
15995,-17562
15997,-17566
15999,-17566
16001,-17564
16003,-17561
16005,-17560
16007,-17563
16009,-17568
16011,-17573
16013,-17579
16015,-17584
16017,-17585
16019,-17583
16021,-17579
16023,-17575
16025,-17575
16027,-17576
16029,-17580
16031,-17585
16033,-17589
16035,-17592
16037,-17591
16039,-17588
16041,-17582
16043,-17577
16045,-17573
16047,-17574
16049,-17578
16051,-17583
16053,-17588
16055,-17591
16057,-17591
16059,-17587
16061,-17582
16063,-17576
16065,-17573
16067,-17574
16069,-17578
16071,-17583
16073,-17588
16075,-17592
16077,-17592
16079,-17589
16081,-17581
16083,-17572
16085,-17565
16087,-17563
16089,-17563
16091,-17564
16093,-17565
16095,-17566
16097,-17562
16099,-17553
16101,-17545
16103,-17538
16105,-17531
16107,-17530
16109,-17532
16111,-17535
16113,-17537
16115,-17539
16117,-17535
16119,-17529
16121,-17519
16123,-17511
16125,-17505
16127,-17504
16129,-17507
16131,-17512
16133,-17517
16135,-17521
16137,-17522
16139,-17519
16141,-17515
16143,-17509
16145,-17506
16147,-17507
16149,-17511
16151,-17516
16153,-17520
16155,-17524
16157,-17524
16159,-17520
16161,-17515
16163,-17510
16165,-17506
16167,-17507
16169,-17511
16171,-17516
16173,-17521
16175,-17526
16177,-17527
16179,-17527
16181,-17525
16183,-17523
16185,-17523
16187,-17528
16189,-17536
16191,-17545
16193,-17555
16195,-17562
16197,-17566
16199,-17566
16201,-17564
16203,-17562
16205,-17560
16207,-17562
16209,-17568
16211,-17573
16213,-17579
16215,-17584
16217,-17585
16219,-17583
16221,-17579
16223,-17577
16225,-17575
16227,-17576
16229,-17580
16231,-17584
16233,-17589
16235,-17592
16237,-17591
16239,-17588
16241,-17583
16243,-17577
16245,-17573
16247,-17574
16249,-17578
16251,-17582
16253,-17587
16255,-17591
16257,-17591
16259,-17587
16261,-17582
16263,-17577
16265,-17573
16267,-17574
16269,-17578
16271,-17583
16273,-17588
16275,-17592
16277,-17593
16279,-17588
16281,-17580
16283,-17571
16285,-17563
16287,-17561
16289,-17560
16291,-17561
16293,-17563
16295,-17563
16297,-17559
16299,-17551
16301,-17543
16303,-17536
16305,-17530
16307,-17529
16309,-17530
16311,-17533
16313,-17535
16315,-17537
16317,-17533
16319,-17526
16321,-17516
16323,-17509
16325,-17503
16327,-17503
16329,-17506
16331,-17511
16333,-17517
16335,-17521
16337,-17523
16339,-17520
16341,-17515
16343,-17510
16345,-17506
16347,-17506
16349,-17510
16351,-17515
16353,-17520
16355,-17524
16357,-17524
16359,-17520
16361,-17515
16363,-17510
16365,-17506
16369,-17510
16370,-17513
16372,-17518
16374,-17525
16376,-17529
16378,-17530
16380,-17529
16382,-17527
16384,-17525
16386,-17528
16388,-17534
16390,-17543
16392,-17552
16394,-17562
16396,-17567
16399,-17568
16400,-17568
16402,-17565
16404,-17561
16406,-17562
16408,-17565
16410,-17570
16412,-17576
16414,-17583
16416,-17586
16418,-17586
16420,-17582
16422,-17579
16424,-17577
16426,-17575
16428,-17578
16430,-17581
16432,-17585
16434,-17591
16436,-17592
16438,-17590
16440,-17585
16442,-17580
16444,-17575
16446,-17573
16448,-17575
16450,-17580
16452,-17584
16454,-17590
16456,-17591
16458,-17590
16460,-17585
16462,-17580
16464,-17575
16466,-17573
16468,-17576
16470,-17580
16472,-17585
16474,-17591
16476,-17593
16478,-17589
16480,-17582
16482,-17572
16484,-17564
16486,-17559
16488,-17557
16490,-17558
16492,-17559
16494,-17561
16496,-17558
16498,-17553
16500,-17545
16502,-17538
16504,-17531
16506,-17527
16508,-17527
16510,-17530
16512,-17532
16514,-17535
16516,-17534
16518,-17528
16520,-17520
16522,-17512
16524,-17505
16526,-17502
16528,-17504
16530,-17508
16532,-17514
16534,-17520
16536,-17522
16538,-17522
16540,-17517
16542,-17512
16544,-17507
16546,-17505
16548,-17508
16550,-17512
16552,-17517
16554,-17522
16556,-17524
16558,-17522
16560,-17518
16562,-17512
16564,-17507
16566,-17506
16568,-17508
16570,-17513
16572,-17518
16574,-17525
16576,-17530
16578,-17532
16580,-17531
16582,-17529
16584,-17528
16586,-17530
16588,-17536
16590,-17546
16592,-17555
16594,-17563
16596,-17569
16598,-17571
16600,-17570
16602,-17566
16604,-17562
16606,-17562
16608,-17566
16610,-17571
16612,-17577
16614,-17584
16616,-17587
16618,-17586
16620,-17585
16622,-17581
16624,-17576
16626,-17575
16628,-17577
16630,-17581
16632,-17585
16634,-17590
16636,-17592
16638,-17590
16640,-17585
16642,-17580
16644,-17575
16646,-17573
16648,-17575
16650,-17579
16652,-17584
16654,-17590
16656,-17591
16658,-17590
16660,-17586
16662,-17580
16664,-17575
16666,-17574
16668,-17576
16670,-17580
16672,-17585
16674,-17591
16676,-17593
16678,-17589
16680,-17582
16682,-17573
16684,-17564
16686,-17559
16688,-17557
16690,-17558
16692,-17559
16694,-17560
16696,-17557
16698,-17552
16700,-17544
16702,-17537
16704,-17529
16706,-17525
16708,-17525
16710,-17528
16712,-17531
16714,-17534
16716,-17532
16718,-17527
16720,-17519
16722,-17511
16724,-17505
16726,-17502
16728,-17504
16730,-17508
16732,-17513
16734,-17520
16736,-17522
16738,-17521
16740,-17517
16742,-17512
16744,-17507
16746,-17505
16748,-17507
16750,-17511
16752,-17516
16754,-17521
16756,-17523
16758,-17522
16760,-17517
16762,-17512
16764,-17507
16766,-17505
16768,-17507
16770,-17512
16772,-17518
16774,-17526
16776,-17531
16778,-17533
16780,-17533
16782,-17531
16784,-17530
16786,-17532
16788,-17539
16790,-17548
16792,-17557
16794,-17566
16796,-17572
16798,-17573
16800,-17571
16802,-17567
16804,-17563
16806,-17563
16808,-17566
16810,-17572
16812,-17578
16814,-17585
16816,-17588
16818,-17587
16820,-17586
16822,-17582
16824,-17577
16826,-17575
16828,-17577
16830,-17581
16832,-17585
16834,-17590
16836,-17592
16838,-17590
16840,-17586
16842,-17580
16844,-17575
16846,-17573
16848,-17575
16850,-17579
16852,-17584
16854,-17589
16856,-17591
16858,-17590
16860,-17586
16862,-17580
16864,-17575
16866,-17573
16868,-17576
16870,-17580
16872,-17585
16874,-17592
16876,-17592
16878,-17587
16880,-17579
16882,-17570
16884,-17561
16886,-17556
16888,-17554
16890,-17555
16892,-17556
16894,-17557
16896,-17555
16898,-17551
16900,-17544
16902,-17537
16904,-17529
16906,-17525
16908,-17525
16910,-17527
16912,-17529
16914,-17532
16916,-17530
16918,-17525
16920,-17517
16922,-17511
16924,-17504
16926,-17502
16928,-17504
16930,-17508
16932,-17514
16934,-17520
16936,-17523
16938,-17522
16940,-17518
16942,-17512
16944,-17507
16946,-17505
16948,-17507
16950,-17511
16952,-17516
16954,-17521
16956,-17523
16958,-17522
16960,-17518
16962,-17513
16964,-17507
16966,-17505
16968,-17507
16970,-17512
16972,-17518
16974,-17527
16976,-17532
16978,-17534
16980,-17534
16982,-17533
16984,-17531
16986,-17533
16988,-17540
16990,-17548
16992,-17557
16994,-17566
16996,-17572
16998,-17574
17000,-17572
17002,-17568
17004,-17564
17006,-17563
17008,-17566
17010,-17572
17012,-17578
17014,-17585
17016,-17588
17018,-17589
17020,-17586
17022,-17582
17024,-17577
17026,-17575
17028,-17576
17030,-17580
17032,-17584
17034,-17589
17036,-17592
17038,-17590
17040,-17586
17042,-17580
17044,-17575
17046,-17573
17048,-17575
17050,-17579
17052,-17584
17054,-17589
17056,-17591
17058,-17590
17060,-17586
17062,-17580
17064,-17575
17066,-17573
17068,-17576
17070,-17580
17072,-17586
17074,-17591
17076,-17590
17078,-17586
17080,-17577
17082,-17569
17084,-17560
17086,-17553
17088,-17552
17090,-17553
17092,-17553
17094,-17554
17096,-17553
17098,-17549
17100,-17543
17102,-17535
17104,-17528
17106,-17524
17108,-17523
17110,-17525
17112,-17527
17114,-17528
17116,-17526
17118,-17522
17120,-17516
17122,-17509
17124,-17503
17126,-17501
17128,-17503
17130,-17508
17132,-17514
17134,-17520
17136,-17523
17138,-17522
17140,-17518
17142,-17513
17144,-17507
17146,-17505
17148,-17507
17150,-17511
17152,-17516
17154,-17521
17156,-17523
17158,-17523
17160,-17518
17162,-17513
17164,-17507
17166,-17505
17168,-17508
17170,-17513
17172,-17520
17174,-17528
17176,-17534
17178,-17537
17180,-17536
17182,-17535
17184,-17533
17186,-17536
17188,-17542
17190,-17550
17192,-17559
17194,-17568
17196,-17574
17198,-17576
17200,-17573
17202,-17569
17204,-17565
17206,-17564
17208,-17567
17210,-17573
17212,-17579
17214,-17585
17216,-17588
17218,-17590
17220,-17587
17222,-17583
17224,-17578
17226,-17575
17228,-17576
17230,-17579
17232,-17584
17234,-17589
17236,-17591
17238,-17590
17240,-17586
17242,-17581
17244,-17575
17246,-17573
17248,-17575
17250,-17579
17252,-17584
17254,-17589
17256,-17591
17258,-17591
17260,-17586
17262,-17581
17264,-17576
17266,-17573
17268,-17576
17270,-17580
17272,-17586
17274,-17590
17276,-17590
17278,-17585
17280,-17577
17282,-17568
17284,-17559
17286,-17553
17288,-17551
17290,-17552
17292,-17552
17294,-17553
17296,-17553
17298,-17549
17300,-17543
17302,-17536
17304,-17528
17306,-17523
17308,-17523
17310,-17525
17312,-17527
17314,-17528
17316,-17527
17318,-17523
17320,-17516
17322,-17510
17324,-17504
17326,-17501
17328,-17504
17330,-17508
17332,-17514
17334,-17520
17336,-17523
17338,-17522
17340,-17518
17342,-17513
17344,-17507
17346,-17505
17348,-17506
17350,-17510
17352,-17515
17354,-17520
17356,-17523
17358,-17522
17360,-17518
17362,-17513
17364,-17507
17366,-17506
17368,-17508
17372,-17521
17373,-17526
17375,-17534
17377,-17538
17379,-17540
17381,-17538
17383,-17537
17385,-17537
17387,-17542
17389,-17548
17391,-17556
17393,-17565
17395,-17573
17397,-17577
17399,-17576
17401,-17572
17403,-17568
17405,-17565
17407,-17566
17409,-17571
17411,-17577
17413,-17582
17415,-17589
17417,-17592
17419,-17590
17421,-17585
17423,-17580
17425,-17575
17427,-17574
17429,-17577
17431,-17582
17433,-17586
17435,-17591
17437,-17591
17439,-17588
17441,-17584
17443,-17578
17445,-17573
17447,-17573
17449,-17576
17451,-17581
17453,-17586
17455,-17591
17457,-17591
17459,-17589
17461,-17584
17463,-17579
17465,-17574
17467,-17575
17469,-17578
17471,-17584
17473,-17587
17475,-17589
17477,-17586
17479,-17580
17481,-17571
17483,-17562
17485,-17553
17487,-17550
17489,-17549
17491,-17549
17493,-17549
17495,-17551
17497,-17549
17499,-17545
17501,-17538
17503,-17531
17505,-17523
17507,-17521
17509,-17522
17511,-17523
17513,-17524
17515,-17525
17517,-17522
17519,-17518
17521,-17512
17523,-17506
17525,-17502
17527,-17502
17529,-17506
17531,-17511
17533,-17517
17535,-17522
17537,-17523
17539,-17520
17541,-17516
17543,-17510
17545,-17505
17547,-17505
17549,-17508
17551,-17513
17553,-17517
17555,-17523
17557,-17523
17559,-17521
17561,-17516
17563,-17511
17565,-17506
17567,-17506
17569,-17510
17571,-17518
17573,-17525
17575,-17534
17577,-17538
17579,-17540
17581,-17539
17583,-17537
17585,-17537
17587,-17542
17589,-17549
17591,-17557
17593,-17565
17595,-17574
17597,-17577
17599,-17576
17601,-17573
17603,-17569
17605,-17565
17607,-17566
17609,-17571
17611,-17577
17613,-17582
17615,-17588
17617,-17591
17619,-17590
17621,-17586
17623,-17581
17625,-17575
17628,-17575
17629,-17577
17631,-17581
17633,-17586
17635,-17591
17637,-17591
17639,-17589
17641,-17584
17643,-17579
17645,-17574
17647,-17573
17649,-17577
17651,-17581
17653,-17586
17655,-17591
17657,-17591
17659,-17589
17661,-17584
17663,-17579
17665,-17575
17667,-17575
17669,-17578
17671,-17583
17673,-17585
17675,-17587
17677,-17584
17679,-17577
17681,-17569
17683,-17560
17685,-17551
17687,-17547
17689,-17546
17691,-17546
17693,-17546
17695,-17549
17697,-17547
17699,-17542
17701,-17536
17703,-17529
17705,-17522
17707,-17519
17709,-17520
17711,-17521
17713,-17522
17715,-17524
17717,-17522
17719,-17518
17721,-17513
17723,-17507
17725,-17502
17727,-17502
17729,-17506
17731,-17511
17733,-17516
17735,-17522
17737,-17523
17739,-17520
17741,-17516
17743,-17510
17745,-17505
17747,-17505
17749,-17507
17751,-17512
17753,-17517
17755,-17522
17757,-17523
17759,-17520
17761,-17516
17763,-17510
17765,-17506
17767,-17507
17769,-17512
17771,-17519
17773,-17528
17775,-17537
17777,-17541
17779,-17543
17781,-17542
17783,-17541
17785,-17541
17787,-17544
17789,-17551
17791,-17559
17793,-17567
17795,-17575
17797,-17578
17799,-17577
17801,-17574
17803,-17570
17805,-17566
17807,-17567
17809,-17571
17811,-17577
17813,-17583
17815,-17592
17817,-17593
17819,-17591
17821,-17586
17823,-17580
17825,-17575
17827,-17574
17829,-17577
17831,-17581
17833,-17586
17835,-17591
17837,-17591
17839,-17589
17841,-17584
17843,-17579
17845,-17574
17847,-17573
17849,-17576
17851,-17581
17853,-17586
17855,-17591
17857,-17592
17859,-17590
17861,-17585
17863,-17580
17865,-17575
17867,-17575
17869,-17579
17871,-17583
17873,-17584
17875,-17586
17877,-17583
17879,-17577
17881,-17569
17883,-17560
17885,-17551
17887,-17547
17889,-17545
17891,-17545
17893,-17546
17895,-17549
17897,-17548
17899,-17544
17901,-17536
17903,-17529
17905,-17522
17907,-17519
17909,-17519
17911,-17520
17913,-17520
17915,-17522
17917,-17521
17919,-17517
17921,-17512
17923,-17506
17925,-17502
17927,-17502
17929,-17506
17931,-17511
17933,-17516
17935,-17522
17937,-17523
17939,-17521
17941,-17516
17943,-17511
17945,-17506
17947,-17505
17949,-17507
17951,-17512
17953,-17517
17955,-17522
17957,-17523
17959,-17521
17961,-17516
17963,-17511
17965,-17507
17967,-17508
17969,-17513
17971,-17521
17973,-17529
17975,-17539
17977,-17543
17979,-17545
17981,-17545
17983,-17544
17985,-17544
17987,-17547
17989,-17553
17991,-17562
17993,-17570
17995,-17577
17997,-17579
17999,-17578
18001,-17575
18003,-17571
18005,-17568
18007,-17568
18009,-17573
18011,-17578
18013,-17584
18015,-17592
18017,-17594
18019,-17592
18021,-17587
18023,-17581
18025,-17575
18027,-17574
18029,-17577
18031,-17581
18033,-17585
18035,-17591
18038,-17591
18039,-17590
18041,-17585
18043,-17580
18045,-17575
18047,-17574
18049,-17577
18051,-17581
18053,-17586
18055,-17591
18057,-17592
18059,-17590
18061,-17586
18063,-17581
18065,-17576
18067,-17576
18069,-17579
18071,-17580
18073,-17582
18075,-17583
18077,-17580
18079,-17574
18081,-17566
18083,-17557
18085,-17549
18087,-17544
18089,-17542
18091,-17543
18093,-17545
18095,-17548
18097,-17547
18099,-17543
18101,-17536
18103,-17529
18105,-17522
18107,-17518
18109,-17518
18111,-17518
18113,-17518
18115,-17521
18117,-17521
18119,-17517
18121,-17513
18123,-17507
18125,-17503
18127,-17503
18129,-17506
18131,-17512
18133,-17516
18135,-17522
18137,-17523
18139,-17520
18141,-17516
18143,-17511
18145,-17506
18147,-17505
18149,-17507
18151,-17512
18153,-17516
18155,-17522
18157,-17523
18159,-17521
18161,-17517
18163,-17512
18165,-17507
18167,-17508
18169,-17514
18171,-17522
18173,-17530
18175,-17539
18177,-17545
18179,-17546
18181,-17546
18183,-17546
18185,-17545
18187,-17547
18189,-17554
18191,-17561
18193,-17570
18195,-17577
18197,-17579
18199,-17579
18201,-17576
18203,-17571
18205,-17568
18207,-17569
18209,-17573
18211,-17578
18213,-17585
18215,-17592
18217,-17593
18219,-17592
18221,-17587
18223,-17581
18225,-17575
18227,-17574
18229,-17576
18231,-17581
18233,-17585
18235,-17590
18237,-17592
18239,-17590
18241,-17585
18243,-17580
18245,-17575
18247,-17574
18249,-17576
18251,-17581
18253,-17585
18255,-17591
18257,-17592
18259,-17590
18261,-17586
18263,-17582
18265,-17577
18267,-17576
18269,-17577
18271,-17578
18273,-17579
18275,-17581
18277,-17579
18279,-17573
18281,-17564
18283,-17556
18285,-17546
18287,-17541
18289,-17540
18291,-17541
18293,-17543
18295,-17546
18297,-17545
18299,-17542
18301,-17535
18303,-17527
18305,-17520
18307,-17515
18309,-17513
18311,-17514
18313,-17516
18315,-17519
18317,-17519
18319,-17517
18321,-17513
18323,-17508
18325,-17503
18327,-17504
18329,-17507
18331,-17511
18333,-17516
18335,-17522
18337,-17523
18339,-17521
18341,-17517
18343,-17511
18345,-17506
18347,-17505
18349,-17507
18351,-17511
18353,-17516
18355,-17521
18357,-17523
18359,-17521
18361,-17517
18363,-17512
18365,-17508
18367,-17509
18369,-17515
18371,-17523
18375,-17541
18376,-17544
18378,-17548
18380,-17549
18382,-17549
18384,-17548
18386,-17548
18388,-17553
18390,-17560
18392,-17568
18394,-17575
18396,-17579
18398,-17581
18400,-17579
18402,-17575
18404,-17572
18406,-17569
18408,-17571
18410,-17575
18412,-17582
18414,-17588
18416,-17593
18418,-17593
18420,-17590
18422,-17584
18424,-17578
18426,-17574
18428,-17574
18430,-17578
18432,-17583
18434,-17588
18436,-17592
18438,-17591
18440,-17588
18442,-17583
18444,-17578
18446,-17574
18448,-17574
18450,-17578
18452,-17583
18454,-17588
18456,-17592
18458,-17592
18460,-17589
18462,-17584
18464,-17580
18466,-17576
18468,-17576
18470,-17577
18472,-17578
18474,-17579
18476,-17579
18478,-17575
18480,-17568
18482,-17559
18484,-17551
18486,-17543
18488,-17539
18490,-17539
18492,-17541
18494,-17544
18496,-17546
18498,-17544
18500,-17539
18502,-17532
18504,-17524
18506,-17518
18508,-17514
18510,-17513
18512,-17515
18514,-17518
18516,-17520
18518,-17519
18520,-17515
18522,-17510
18524,-17506
18526,-17503
18528,-17504
18530,-17508
18532,-17514
18534,-17518
18536,-17522
18538,-17522
18540,-17519
18542,-17514
18544,-17509
18546,-17505
18548,-17505
18550,-17509
18552,-17514
18554,-17518
18556,-17523
18558,-17522
18560,-17520
18562,-17515
18564,-17512
18566,-17511
18568,-17514
18570,-17522
18572,-17531
18574,-17539
18576,-17548
18578,-17551
18580,-17553
18582,-17552
18584,-17551
18586,-17550
18588,-17554
18590,-17562
18592,-17569
18594,-17575
18596,-17581
18598,-17582
18600,-17580
18602,-17577
18604,-17573
18606,-17570
18608,-17571
18610,-17577
18612,-17584
18614,-17589
18616,-17594
18618,-17593
18620,-17590
18622,-17584
18624,-17578
18626,-17574
18628,-17574
18630,-17578
18632,-17583
18634,-17587
18636,-17591
18638,-17591
18640,-17588
18642,-17583
18644,-17578
18646,-17574
18648,-17574
18650,-17578
18652,-17583
18654,-17587
18656,-17592
18658,-17592
18660,-17590
18662,-17585
18664,-17580
18666,-17577
18668,-17575
18670,-17575
18672,-17576
18674,-17577
18676,-17578
18678,-17573
18680,-17566
18682,-17558
18684,-17548
18686,-17540
18688,-17537
18690,-17537
18692,-17540
18694,-17542
18696,-17545
18698,-17543
18700,-17538
18702,-17530
18704,-17522
18706,-17514
18708,-17510
18710,-17510
18712,-17512
18714,-17515
18716,-17519
18718,-17518
18720,-17515
18722,-17511
18724,-17507
18726,-17504
18728,-17505
18730,-17508
18732,-17513
18734,-17518
18736,-17523
18738,-17523
18740,-17519
18742,-17514
18744,-17509
18746,-17505
18748,-17505
18750,-17509
18752,-17513
18754,-17518
18756,-17523
18758,-17523
18760,-17520
18762,-17516
18764,-17512
18766,-17511
18768,-17514
18770,-17521
18772,-17530
18774,-17539
18776,-17547
18778,-17551
18780,-17553
18782,-17553
18784,-17551
18786,-17551
18788,-17555
18790,-17562
18792,-17569
18794,-17575
18796,-17581
18798,-17582
18800,-17580
18802,-17577
18804,-17573
18806,-17570
18808,-17571
18810,-17576
18812,-17583
18814,-17588
18816,-17594
18818,-17593
18820,-17590
18822,-17584
18824,-17579
18826,-17574
18828,-17574
18830,-17578
18832,-17582
18834,-17587
18836,-17591
18838,-17591
18840,-17588
18842,-17583
18844,-17578
18846,-17574
18848,-17574
18850,-17578
18852,-17583
18854,-17587
18856,-17592
18858,-17592
18860,-17590
18862,-17585
18864,-17581
18866,-17575
18868,-17572
18870,-17572
18872,-17573
18874,-17574
18876,-17575
18878,-17571
18880,-17564
18882,-17556
18884,-17545
18886,-17537
18888,-17534
18890,-17535
18892,-17538
18894,-17540
18896,-17543
18898,-17541
18900,-17536
18902,-17529
18904,-17521
18906,-17512
18908,-17508
18910,-17509
18912,-17512
18914,-17515
18916,-17519
18918,-17518
18920,-17516
18922,-17511
18924,-17507
18926,-17504
18928,-17504
18930,-17508
18932,-17513
18934,-17518
18936,-17522
18938,-17522
18940,-17519
18942,-17514
18944,-17509
18946,-17504
18948,-17505
18950,-17508
18952,-17513
18954,-17517
18956,-17522
18958,-17523
18960,-17520
18962,-17517
18964,-17514
18966,-17513
18968,-17517
18970,-17524
18972,-17533
18974,-17542
18976,-17550
18978,-17555
18980,-17557
18982,-17555
18984,-17554
18986,-17553
18988,-17557
18990,-17564
18992,-17570
18994,-17576
18996,-17582
18998,-17583
19000,-17582
19002,-17578
19004,-17574
19006,-17571
19008,-17572
19010,-17577
19012,-17583
19014,-17588
19016,-17593
19018,-17593
19020,-17590
19022,-17584
19024,-17578
19026,-17574
19028,-17574
19030,-17577
19032,-17582
19034,-17586
19036,-17591
19038,-17591
19040,-17589
19042,-17583
19044,-17578
19046,-17574
19048,-17574
19050,-17578
19052,-17582
19054,-17587
19056,-17592
19058,-17592
19060,-17590
19062,-17586
19064,-17581
19066,-17575
19068,-17572
19070,-17572
19072,-17572
19074,-17573
19076,-17574
19078,-17570
19080,-17564
19082,-17555
19084,-17545
19086,-17537
19088,-17534
19090,-17535
19092,-17537
19094,-17540
19096,-17543
19098,-17541
19100,-17536
19102,-17528
19104,-17520
19106,-17510
19108,-17506
19110,-17507
19112,-17510
19114,-17514
19116,-17518
19118,-17518
19120,-17516
19122,-17512
19124,-17507
19126,-17504
19128,-17504
19130,-17508
19132,-17512
19134,-17517
19136,-17522
19138,-17522
19140,-17519
19142,-17514
19144,-17509
19146,-17504
19148,-17504
19150,-17508
19152,-17513
19154,-17517
19156,-17522
19158,-17523
19160,-17521
19162,-17518
19164,-17516
19166,-17515
19168,-17519
19170,-17526
19172,-17534
19174,-17543
19176,-17553
19178,-32768
19180,-32257
19182,-32768
19184,-32257
19186,-32768
19188,-32257
19190,-32768
19192,-32257
19194,-32768
19196,-32257
19198,-32768
19200,-32257
19202,-32768
19204,-32257
19206,-32768
19208,-32257
19210,-32768
19212,-32257
19214,-32768
19216,-32257
19218,-32768
19220,-32257
19222,-32768
19224,-32257
19226,-32768
19228,-32257
19230,32691
19232,-32768
19234,32691
19236,-32768
19238,32691
19240,-32768
19242,32691
19244,-32768
19246,32691
19248,-32768
19250,32691
19252,-32768
19254,32691
19256,-32768
19258,32691
19260,-32768
19262,32691
19264,-32768
19266,32691
19268,-32768
19270,32691
19272,-32768
19274,32691
19276,-32768
19278,32691
19280,-32768
19282,32689
19284,-32768
19286,32689
19288,-32768
19290,32689
19292,-32768
19294,32689
19296,-32768
19298,32689
19300,-32768
19302,32689
19304,-32768
19306,32689
19308,-32768
19310,32689
19312,-32768
19314,32689
19316,-32768
19318,32689
19320,-32768
19322,32689
19324,-32768
19326,32689
19328,-32768
19330,32689
19332,-32768
19334,32689
19336,-32768
19338,32689
19340,-32768
19342,32689
19344,-32768
19346,32689
19348,-32768
19350,32689
19352,-32768
19354,32689
19356,-32768
19358,32689
19360,-32768
19362,32689
19364,-32768
19366,32689
19368,-32768
19370,32689
19372,-32768
19374,32689
19378,-32768
19379,32689
19381,-32768
19383,32689
19385,-32768
19387,32689
19389,-32768
19391,32689
19393,-32768
19395,32689
19397,-32768
19399,32689
19401,-32768
19403,32689
19405,-32768
19407,32689
19409,-32768
19411,32689
19413,-32768
19415,32689
19417,-32768
19419,32689
19421,-32768
19423,32689
19425,-32768
19427,32689
19429,-32768
19431,32689
19433,-32768
19435,32689
19437,-32768
19439,32689
19441,-32768
19443,32689
19445,-32768
19447,32689
19449,-32768
19451,32689
19453,-32768
19455,32689
19457,-32768
19459,32689
19461,-32768
19463,32689
19465,-32768
19467,32689
19469,-32768
19471,32689
19473,-32768
19475,32689
19477,-32768
19479,32689
19481,-32768
19483,32689
19485,-32768
19487,32689
19489,-32768
19491,32689
19493,-32768
19495,32689
19497,-32768
19499,32689
19501,-32768
19503,32689
19505,-32768
19507,32689
19509,-32768
19511,32689
19513,-32768
19515,32689
19517,-32768
19519,32689
19521,-32768
19523,32689
19525,-32768
19527,32689
19529,-32768
19531,32689
19533,-32768
19535,32689
19537,-32768
19539,32689
19541,-32768
19543,32689
19545,-32768
19547,32689
19549,-32768
19551,32689
19553,-32768
19555,32689
19557,-32768
19559,32689
19561,-32768
19563,32689
19565,-32768
19567,32689
19569,-32768
19571,32689
19573,-32768
19575,32689
19577,-32768
19579,32689
19581,-32768
19583,32689
19585,-32768
19587,32689
19589,-32768
19591,32689
19593,-32768
19595,32689
19597,-32768
19599,32689
19601,-32768
19603,32689
19605,-32768
19607,32689
19609,-32768
19611,32689
19613,-32768
19615,32689
19617,-32768
19619,32689
19621,-32768
19623,32689
19625,-32768
19627,32689
19629,-32768
19631,32689
19633,-32768
19635,32689
19637,-32768
19639,32689
19641,-32768
19643,32689
19645,-32768
19647,32689
19649,-32768
19651,32689
19653,-32768
19655,32689
19657,-32768
19659,32689
19661,-32768
19663,32689
19665,-32768
19667,32689
19669,-32768
19671,32689
19673,-32768
19675,32689
19677,-32768
19679,32689
19681,-32768
19683,32687
19685,-32768
19687,32687
19689,-32768
19691,32687
19693,-32768
19695,32687
19697,-32768
19699,32687
19701,-32768
19703,32687
19705,-32768
19707,32687
19709,-32768
19711,32687
19713,-32768
19715,32687
19717,-32768
19719,32687
19721,-32768
19723,32687
19725,-32768
19727,32687
19729,-32768
19731,32687
19733,-32768
19735,32689
19737,-32768
19739,32689
19741,-32768
19743,32689
19745,-32768
19747,32689
19749,-32768
19751,32689
19753,-32768
19755,32689
19757,-32768
19759,32689
19761,-32768
19763,32689
19765,-32768
19767,32689
19769,-32768
19771,32689
19773,-32768
19775,32689
19777,-32768
19779,32689
19781,-32768
19783,32689
19785,-32768
19787,32689
19789,-32768
19791,32689
19793,-32768
19795,32689
19797,-32768
19799,32689
19801,-32768
19803,32689
19805,-32768
19807,32689
19809,-32768
19811,32689
19813,-32768
19815,32689
19817,-32768
19819,32689
19821,-32768
19823,32689
19825,-32768
19827,32689
19829,-32768
19831,32689
19833,-32768
19835,32689
19837,-32768
19839,32689
19841,-32768
19843,32689
19845,-32768
19847,32689
19849,-32768
19851,32689
19853,-32768
19855,32689
19857,-32768
19859,32689
19861,-32768
19863,32689
19865,-32768
19867,32689
19869,-32768
19871,32689
19873,-32768
19875,32689
19877,-32768
19879,32689
19881,-32768
19883,32691
19885,-32768
19887,32691
19889,-32768
19891,32691
19893,-32768
19895,32691
19897,-32768
19899,32691
19901,-32768
19903,32691
19905,-32768
19907,32691
19909,-32768
19911,32691
19913,-32768
19915,32691
19917,-32768
19919,32691
19921,-32768
19923,32691
19925,-32768
19927,32691
19929,-32768
19931,32691
19933,-32768
19935,32689
19937,-32768
19939,32689
19941,-32768
19943,32689
19945,-32768
19947,32689
19949,-32768
19951,32689
19953,-32768
19955,32689
19957,-32768
19959,32689
19961,-32768
19963,32689
19965,-32768
19967,32689
19969,-32768
19971,32689
19973,-32768
19975,32689
19977,-32768
19979,32689
19981,-32768
19983,32689
19985,-32768
19987,32689
19989,-32768
19991,32689
19993,-32768
19995,32689
19997,-32768
19999,32689
20001,-32768
20003,32689
20005,-32768
20007,32689
20009,-32768
20011,32689
20013,-32768
20015,32689
20017,-32768
20019,32689
20021,-32768
20023,32689
20025,-32768
20027,32689
20029,-32768
20031,32689
20033,-32768
20035,32689
20037,-32768
20039,32689
20041,-32768
20043,32689
20045,-32768
20047,32689
20049,-32768
20051,32689
20053,-32768
20055,32689
20057,-32768
20059,32689
20061,-32768
20063,32689
20065,-32768
20067,32689
20069,-32768
20071,32689
20073,-32768
20075,32689
20077,-32768
20079,32689
20081,-32768
20083,32689
20085,-32768
20087,32689
20089,-32768
20091,32689
20093,-32768
20095,32689
20097,-32768
20099,32689
20101,-32768
20103,32689
20105,-32768
20107,32689
20109,-32768
20111,32689
20113,-32768
20115,32689
20117,-32768
20119,32689
20121,-32768
20123,32689
20125,-32768
20127,32689
20129,-32768
20131,32689
20133,-32768
20135,32691
20137,-32768
20139,32691
20141,-32768
20143,32691
20145,-32768
20147,32691
20149,-32768
20151,32691
20153,-32768
20155,32691
20157,-32768
20159,32691
20161,-32768
20163,32691
20165,-32768
20167,32691
20169,-32768
20171,32691
20173,-32768
20175,32691
20177,-32768
20179,32691
20181,-32768
20183,32689
20185,-32768
20187,32689
20189,-32768
20191,32689
20193,-32768
20195,32689
20197,-32768
20199,32689
20201,-32768
20203,32689
20205,-32768
20207,32689
20209,-32768
20211,32689
20213,-32768
20215,32689
20217,-32768
20219,32689
20221,-32768
20223,32689
20225,-32768
20227,32689
20229,-32768
20231,32689
20233,-32768
20235,32689
20237,-32768
20239,32689
20241,-32768
20243,32689
20245,-32768
20247,32689
20249,-32768
20251,32689
20253,-32768
20255,32689
20257,-32768
20259,32689
20261,-32768
20263,32689
20265,-32768
20267,32689
20269,-32768
20271,32689
20273,-32768
20275,32689
20277,-32768
20279,32689
20281,-32768
20283,32689
20285,-32768
20287,32689
20289,-32768
20291,32689
20293,-32768
20295,32689
20297,-32768
20299,32689
20301,-32768
20303,32689
20305,-32768
20307,32689
20309,-32768
20311,32689
20313,-32768
20315,32689
20317,-32768
20319,32689
20321,-32768
20323,32689
20325,-32768
20327,32689
20329,-32768
20331,32689
20333,-32768
20335,32689
20337,-32768
20339,32689
20341,-32768
20343,32689
20345,-32768
20347,32689
20349,-32768
20351,32689
20353,-32768
20355,32689
20357,-32768
20359,32689
20361,-32768
20363,32689
20365,-32768
20367,32689
20369,-32768
20371,32689
20373,-32768
20375,32689
